-0.0197245
-0.0709817
-0.0237922
-0.0383187
-0.0669321
-0.0643507
0.00505036
-0.0436984
-0.0487816
-0.017109
-0.0973268
-0.0824603
-0.0846144
-0.0574662
-0.0286435
-0.0187205
-0.0723554
-0.0651144
-0.0725558
-0.0308919
-0.0129208
-0.0129961
-0.0603862
-0.0754532
-0.0845872
-0.0167258
-0.0692982
-0.0237574
0.00902746
-0.0330848
-0.123374
-4.96437e-05
-0.0711816
-0.078638
-0.0920373
-0.0541102
-0.117285
0.0076038
-0.0899644
-0.0316128
-0.131725
-0.0551574
0.00275968
0.00400161
-0.0483807
-0.0390382
-0.0797883
-0.0889771
-0.099143
-0.0902408
