-0.0675081 -0.160845 0.114953 0.133822 0.0109387 0.0655924 0.140881 0.121646 0.351999 -0.074064 -0.239256 -0.00241274 -0.246045 0.243924 0.160287 -0.230251 -0.328805 -0.30742 -0.268853 -0.135271 -0.203327 -0.290885 -0.0350075 -0.066286 -0.081247 
-0.217134 -0.3545 -0.429639 -0.496049 -0.427692 0.153086 0.0430554 -0.140563 -0.116546 -0.119901 0.075159 0.342259 0.265728 0.541626 0.475985 0.386439 0.403203 0.46401 0.426712 0.400799 -0.165033 -0.121433 -0.173542 -0.212644 -0.184246 
-0.192969 0.140941 0.0797257 -0.224727 -0.203937 0.0512974 0.244882 0.134165 -0.388846 -0.0571283 0.0434552 0.397505 -0.300886 -0.305556 -0.0527956 0.204752 -0.00790272 -0.163265 -0.274239 0.0635227 0.212983 0.0689335 -0.0948708 -0.268554 -0.119627 
0.0140665 -0.153429 0.0318599 0.288566 0.181977 0.0238818 -0.278419 0.172514 0.337952 0.419309 -0.336568 -0.217457 0.201957 0.183703 0.359781 -0.207667 0.217649 0.0997895 0.167558 0.333859 0.0225609 0.140422 0.106922 -0.0504113 0.161774 
-0.0652101 -0.25145 -0.342953 -0.319631 -0.0551195 -0.281684 -0.0388678 -0.283399 -0.20738 0.103715 -0.329611 -0.111866 -0.346566 -0.254859 -0.231224 -0.218233 -0.243717 -0.0270908 -0.0157246 0.0729824 0.185698 0.176504 -0.0529146 0.239482 0.363047 
-0.235997 -0.0689974 -0.230297 -0.00838753 0.312878 -0.213589 -0.297134 -0.110107 0.26012 -0.214262 -0.0424173 0.195759 0.219661 -0.196909 -0.0630931 -0.189873 -0.00271345 -0.117412 -0.174553 -0.128632 0.169961 -0.0320004 0.12378 0.131699 -0.0859268 
-0.263298 -0.220894 -0.352749 -0.373158 -0.165806 -0.280242 -0.559991 -0.457575 -0.143055 -0.0752027 -0.119033 -0.011322 0.0732079 -0.0459363 0.26654 0.540436 0.288532 0.270462 0.305955 0.29825 0.264838 0.472839 0.499068 0.557361 0.143723 
0.292763 -0.0722051 0.348383 0.211134 0.0735554 0.128828 0.0983002 -0.0865701 0.0821127 0.277031 -0.275035 -0.165251 -0.0380255 -0.297354 -0.283192 -0.112863 -0.163153 -0.232301 -0.265857 0.0564521 -0.0323454 -0.26847 0.09474 -0.125266 0.131297 
-0.0949914 -0.0981755 -0.184405 0.0519695 0.220125 -0.0488325 -0.213713 -0.135601 -0.14842 0.339871 -0.209765 0.0790555 -0.270894 0.0305513 0.121298 -0.118728 -0.118441 -0.0906738 -0.0993135 0.386181 -0.301354 -0.0064894 -0.261639 0.259829 0.260278 
-0.262862 -0.314465 0.224382 0.0329913 0.320944 -0.239304 -0.107161 0.0438987 0.306315 0.00138782 -0.21585 0.190271 0.120652 0.357496 0.150407 0.17248 -0.171357 -0.218704 -0.0273273 0.178596 -0.204486 -0.142941 -0.0335944 0.280971 0.164574 
-0.0163591 0.187018 0.0796056 -0.326618 -0.15492 0.285115 0.104672 -0.32542 -0.122274 -0.18366 0.40208 0.377759 -0.155904 -0.0330045 -0.277716 0.0126621 0.391125 -0.0135236 -0.129545 0.0891606 -0.0281109 0.14825 0.309499 -0.0282547 0.0244105 
0.131244 -0.092034 -0.00743993 -0.24507 -0.0567821 -0.208317 0.224484 0.0428727 -0.137922 -0.384563 0.150316 -0.108477 0.296755 0.162437 -0.286612 -0.121194 -0.169368 0.0431778 -0.0605432 -0.0945977 -0.0355961 -0.00369794 0.0171749 0.389816 0.375492 
0.0417161 0.312342 -0.0677965 0.202241 -0.122179 -0.151805 -0.335821 0.057829 -0.169302 0.0730518 -0.293138 -0.0849739 -0.393505 -0.276377 -0.343749 -0.245109 -0.236374 -0.0987894 0.0294598 -0.0626344 -0.0592319 0.196537 -0.234658 0.10409 -0.180105 
0.160202 -0.191131 0.0528559 -0.0117429 0.263768 0.0985925 -0.260604 -0.166097 0.0315783 0.325712 0.0734547 -0.160054 0.0174957 0.105482 0.266217 -0.221178 -0.305233 0.126367 0.470454 0.304031 -0.179902 0.0912757 0.109006 0.163977 0.0786717 
0.240069 -0.0531274 0.150161 0.312266 0.281557 -0.175096 -0.201825 0.054853 0.158376 0.0353253 -0.272122 -0.0876358 -0.284105 -0.0652034 -0.204541 -0.355745 -0.327031 0.0588177 -0.0180687 -0.0815061 0.125066 -0.0494901 -0.0903235 -0.156075 0.0631792 
0.0407239 0.399881 0.411854 0.394772 0.200778 0.441805 0.380683 0.190561 -0.0717894 0.0333111 0.305167 0.0244058 -0.361249 -0.0855105 -0.275792 0.160612 -0.411678 -0.280436 -0.313565 -0.310064 -0.279147 -0.355433 -0.355305 -0.198683 -0.159411 
0.277085 0.391845 0.488527 0.324172 -0.179058 0.0896769 0.0529632 -0.0729836 0.396626 0.162808 -0.167514 -0.306272 -0.0886776 0.237993 0.0501881 -0.0557187 -0.122364 -0.339168 0.0851824 -0.146681 -0.0915363 -0.249359 -0.0713409 -0.131722 0.0322618 
-0.119707 -0.0247945 -0.0805406 -0.228482 0.101993 -0.181946 -0.211925 -0.115336 -0.152982 -0.247385 0.103632 -0.198994 0.104122 -0.205737 -0.0804472 0.205952 -0.0583075 -0.0873234 0.0663998 -0.12584 0.145486 0.200785 0.178923 -0.0709225 0.114384 
0.184776 0.171113 0.140985 0.198905 0.0868858 0.0508049 0.0298086 -0.365405 -0.184729 -0.308686 -0.162431 -0.381713 -0.213471 0.316938 0.297348 0.231854 0.0461365 0.312488 0.0974813 -0.0195865 0.356616 0.171283 0.0611022 -0.103457 -0.00932488 
0.141222 0.0243754 -0.255271 -0.258661 -0.234855 0.259555 0.0446567 -0.0804051 -0.220035 -0.091944 0.427131 0.166616 0.186951 -0.296256 0.00857524 0.395531 0.501313 0.344873 0.0293857 -0.294844 -0.256512 0.259726 0.213724 0.320777 -0.00222447 
